1.000000 -0.000000 0.000000 0.000000 1.000000 0.000000 -0.000000 -0.000000 1.000000 
0.990942 -0.134291 0.000000 0.134291 0.990942 0.000000 -4.975500 -0.662358 1.000000 
0.975046 -0.222001 0.000000 0.222001 0.975046 0.000000 65.613791 -3.736236 1.000000 
0.977634 -0.210311 0.000000 0.210311 0.977634 0.000000 213.271397 -14.798170 1.000000 
0.977476 -0.211045 0.000000 0.211045 0.977476 0.000000 325.905779 -45.028622 1.000000 
0.978172 -0.207797 0.000000 0.207797 0.978172 0.000000 435.390238 -77.115186 1.000000 
0.951349 -0.308115 0.000000 0.308115 0.951349 0.000000 585.857016 -79.083792 1.000000 
0.871549 -0.490308 0.000000 0.490308 0.871549 0.000000 577.552396 -76.920244 1.000000 
0.873381 -0.487037 0.000000 0.487037 0.873381 0.000000 652.370623 -140.854511 1.000000 
0.877811 -0.479008 0.000000 0.479008 0.877811 0.000000 789.334787 -210.065187 1.000000 
0.877262 -0.480013 0.000000 0.480013 0.877262 0.000000 903.708669 -271.011227 1.000000 
0.880023 -0.474931 0.000000 0.474931 0.880023 0.000000 1024.925099 -342.346287 1.000000 
0.889896 -0.456163 0.000000 0.456163 0.889896 0.000000 1250.616580 -465.133063 1.000000 
0.810535 -0.585691 0.000000 0.585691 0.810535 0.000000 1258.202153 -465.762735 1.000000 
0.816417 -0.577463 0.000000 0.577463 0.816417 0.000000 1311.727672 -513.213426 1.000000 
0.821006 -0.570919 0.000000 0.570919 0.821006 0.000000 1420.608007 -589.083890 1.000000 
0.821502 -0.570206 0.000000 0.570206 0.821502 0.000000 1513.344660 -658.464636 1.000000 
0.822015 -0.569465 0.000000 0.569465 0.822015 0.000000 1625.052342 -737.297991 1.000000 
0.719327 -0.694671 0.000000 0.694671 0.719327 0.000000 1613.354275 -770.179112 1.000000 
0.722478 -0.691394 0.000000 0.691394 0.722478 0.000000 1723.086903 -859.388766 1.000000 
0.520886 -0.853626 0.000000 0.853626 0.520886 0.000000 1633.321162 -807.036082 1.000000 
0.469058 -0.883167 0.000000 0.883167 0.469058 0.000000 1608.609384 -783.867205 1.000000 
0.461011 -0.887394 0.000000 0.887394 0.461011 0.000000 1557.621520 -692.253098 1.000000 
0.176867 -0.984235 0.000000 0.984235 0.176867 0.000000 1579.101366 -634.532425 1.000000 
-0.048180 -0.998839 0.000000 0.998839 -0.048180 0.000000 1576.429519 -621.635891 1.000000 
-0.035036 -0.999386 0.000000 0.999386 -0.035036 0.000000 1571.807496 -711.158045 1.000000 
-0.033131 -0.999451 0.000000 0.999451 -0.033131 0.000000 1573.056449 -847.846556 1.000000 
-0.187270 -0.982309 0.000000 0.982309 -0.187270 0.000000 1581.628743 -853.481973 1.000000 
-0.186273 -0.982498 0.000000 0.982498 -0.186273 0.000000 1560.305282 -969.701295 1.000000 
-0.366081 -0.930583 0.000000 0.930583 -0.366081 0.000000 1562.770384 -953.896367 1.000000 
-0.571843 -0.820363 0.000000 0.820363 -0.571843 0.000000 1596.756275 -974.533818 1.000000 
-0.577520 -0.816377 0.000000 0.816377 -0.577520 0.000000 1527.156965 -1038.772302 1.000000 
-0.416176 -0.909284 0.000000 0.909284 -0.416176 0.000000 1475.468541 -1165.394462 1.000000 
-0.431455 -0.902134 0.000000 0.902134 -0.431455 0.000000 1467.835793 -1191.815267 1.000000 
-0.429776 -0.902936 0.000000 0.902936 -0.429776 0.000000 1412.855876 -1320.809922 1.000000 
-0.421157 -0.906988 0.000000 0.906988 -0.421157 0.000000 1356.970927 -1438.765376 1.000000 
-0.418395 -0.908265 0.000000 0.908265 -0.418395 0.000000 1295.561583 -1531.696814 1.000000 
-0.380840 -0.924641 0.000000 0.924641 -0.380840 0.000000 1287.857610 -1576.310842 1.000000 
-0.398953 -0.916971 0.000000 0.916971 -0.398953 0.000000 1276.471261 -1612.790202 1.000000 
-0.399016 -0.916944 0.000000 0.916944 -0.399016 0.000000 1232.478408 -1683.451636 1.000000 
-0.395948 -0.918273 0.000000 0.918273 -0.395948 0.000000 1177.859347 -1825.691026 1.000000 
-0.388473 -0.921460 0.000000 0.921460 -0.388473 0.000000 1128.723211 -1897.024665 1.000000 
-0.387975 -0.921670 0.000000 0.921670 -0.387975 0.000000 1092.678279 -2039.699191 1.000000 
-0.390289 -0.920692 0.000000 0.920692 -0.390289 0.000000 1003.987284 -2366.624775 1.000000 
-0.385406 -0.922747 0.000000 0.922747 -0.385406 0.000000 943.393676 -2595.868825 1.000000 
-0.380526 -0.924770 0.000000 0.924770 -0.380526 0.000000 949.365305 -2559.902000 1.000000 
-0.209760 -0.977753 0.000000 0.977753 -0.209760 0.000000 920.490890 -2513.385124 1.000000 
-0.157242 -0.987560 0.000000 0.987560 -0.157242 0.000000 921.253143 -2568.835384 1.000000 
-0.175654 -0.984452 0.000000 0.984452 -0.175654 0.000000 878.416706 -2552.294407 1.000000 
-0.244203 -0.969724 0.000000 0.969724 -0.244203 0.000000 1001.798631 -2596.448547 1.000000 
0.091098 -0.995842 0.000000 0.995842 0.091098 0.000000 973.521702 -2706.247542 1.000000 
0.250368 -0.968151 0.000000 0.968151 0.250368 0.000000 990.257934 -2777.991487 1.000000 
0.536896 -0.843649 0.000000 0.843649 0.536896 0.000000 1066.543810 -2877.047039 1.000000 
0.749937 -0.661510 0.000000 0.661510 0.749937 0.000000 1109.627611 -2927.928151 1.000000 
0.759870 -0.650075 0.000000 0.650075 0.759870 0.000000 1237.623145 -3030.524056 1.000000 
0.769936 -0.638121 0.000000 0.638121 0.769936 0.000000 1410.949782 -3157.107043 1.000000 
0.775064 -0.631883 0.000000 0.631883 0.775064 0.000000 1563.322129 -3269.200426 1.000000 
0.738547 -0.674203 0.000000 0.674203 0.738547 0.000000 1576.457865 -3279.387939 1.000000 
0.755517 -0.655130 0.000000 0.655130 0.755517 0.000000 1655.175126 -3341.486607 1.000000 
0.767236 -0.641365 0.000000 0.641365 0.767236 0.000000 1825.810497 -3486.363947 1.000000 
0.769519 -0.638623 0.000000 0.638623 0.769519 0.000000 1969.943094 -3611.317845 1.000000 
0.576444 -0.817137 0.000000 0.817137 0.576444 0.000000 1952.897552 -3587.864059 1.000000 
0.586205 -0.810163 0.000000 0.810163 0.586205 0.000000 1927.547090 -3584.250808 1.000000 
0.599556 -0.800333 0.000000 0.800333 0.599556 0.000000 2243.385661 -3872.352490 1.000000 
0.608496 -0.793557 0.000000 0.793557 0.608496 0.000000 2345.662990 -3997.650099 1.000000 
0.616274 -0.787532 0.000000 0.787532 0.616274 0.000000 2480.550821 -4151.465984 1.000000 
0.614685 -0.788772 0.000000 0.788772 0.614685 0.000000 2514.833504 -4184.592149 1.000000 
0.621850 -0.783136 0.000000 0.783136 0.621850 0.000000 2601.100142 -4281.798158 1.000000 
0.654579 -0.755994 0.000000 0.755994 0.654579 0.000000 2503.863795 -4234.521085 1.000000 
0.856424 -0.516273 0.000000 0.516273 0.856424 0.000000 2580.325225 -4311.540054 1.000000 
0.862443 -0.506153 0.000000 0.506153 0.862443 0.000000 2680.287432 -4372.034060 1.000000 
0.724903 -0.688851 0.000000 0.688851 0.724903 0.000000 2670.781765 -4367.149194 1.000000 
0.643619 -0.765346 0.000000 0.765346 0.643619 0.000000 2674.367118 -4370.614323 1.000000 
0.645393 -0.763851 0.000000 0.763851 0.645393 0.000000 2723.823614 -4436.145052 1.000000 
0.580521 -0.814245 0.000000 0.814245 0.580521 0.000000 2709.273803 -4437.496524 1.000000 
0.594504 -0.804092 0.000000 0.804092 0.594504 0.000000 2704.290352 -4479.047951 1.000000 
0.597715 -0.801709 0.000000 0.801709 0.597715 0.000000 2762.653421 -4565.328334 1.000000 
0.597646 -0.801760 0.000000 0.801760 0.597646 0.000000 2836.837965 -4658.445214 1.000000 
0.596698 -0.802466 0.000000 0.802466 0.596698 0.000000 2903.044632 -4753.905199 1.000000 
0.601728 -0.798701 0.000000 0.798701 0.601728 0.000000 2968.136008 -4840.963696 1.000000 
0.609302 -0.792938 0.000000 0.792938 0.609302 0.000000 3048.332180 -4945.890965 1.000000 
0.684172 -0.729320 0.000000 0.729320 0.684172 0.000000 3053.777748 -4990.667032 1.000000 
0.819466 -0.573128 0.000000 0.573128 0.819466 0.000000 3098.105332 -5027.489622 1.000000 
0.885550 -0.464544 0.000000 0.464544 0.885550 0.000000 3117.160836 -5044.801445 1.000000 
0.973434 -0.228968 0.000000 0.228968 0.973434 0.000000 3179.296976 -5064.680425 1.000000 
0.999511 0.031268 0.000000 -0.031268 0.999511 0.000000 3239.586779 -5065.010449 1.000000 
0.968326 0.249688 0.000000 -0.249688 0.968326 0.000000 3302.426619 -5030.561854 1.000000 
0.970094 0.242728 0.000000 -0.242728 0.970094 0.000000 3384.064382 -5016.692757 1.000000 
0.972372 0.233438 0.000000 -0.233438 0.972372 0.000000 3446.838699 -5003.715734 1.000000 
0.969253 0.246065 0.000000 -0.246065 0.969253 0.000000 3576.449202 -4976.989733 1.000000 
0.953375 0.301789 0.000000 -0.301789 0.953375 0.000000 3608.241987 -4967.892063 1.000000 
0.902771 0.430122 0.000000 -0.430122 0.902771 0.000000 3646.593831 -4952.120796 1.000000 
0.905158 0.425076 0.000000 -0.425076 0.905158 0.000000 3701.443054 -4928.047147 1.000000 
0.905427 0.424501 0.000000 -0.424501 0.905427 0.000000 3815.272330 -4873.714274 1.000000 
0.901506 0.432766 0.000000 -0.432766 0.901506 0.000000 3952.663777 -4801.625728 1.000000 
0.902161 0.431400 0.000000 -0.431400 0.902161 0.000000 4064.156466 -4748.046008 1.000000 
0.903539 0.428506 0.000000 -0.428506 0.903539 0.000000 4164.444723 -4698.370670 1.000000 
0.820049 0.572294 0.000000 -0.572294 0.820049 0.000000 4191.603315 -4700.447787 1.000000 
0.756231 0.654305 0.000000 -0.654305 0.756231 0.000000 4223.581465 -4663.614385 1.000000 
0.754318 0.656509 0.000000 -0.656509 0.754318 0.000000 4238.347203 -4641.994740 1.000000 
0.754946 0.655788 0.000000 -0.655788 0.754946 0.000000 4306.352739 -4577.565855 1.000000 
0.747507 0.664254 0.000000 -0.664254 0.747507 0.000000 4397.317045 -4499.277278 1.000000 
0.579211 0.815178 0.000000 -0.815178 0.579211 0.000000 4470.134900 -4395.217721 1.000000 
0.437092 0.899417 0.000000 -0.899417 0.437092 0.000000 4395.180390 -4334.591443 1.000000 
0.501578 0.865112 0.000000 -0.865112 0.501578 0.000000 4214.594615 -4015.599501 1.000000 
0.383783 0.923423 0.000000 -0.923423 0.383783 0.000000 4224.069412 -3962.002557 1.000000 
0.389260 0.921128 0.000000 -0.921128 0.389260 0.000000 4263.342806 -3909.186138 1.000000 
0.380373 0.924833 0.000000 -0.924833 0.380373 0.000000 4321.522516 -3793.878769 1.000000 
0.362952 0.931808 0.000000 -0.931808 0.362952 0.000000 4371.553947 -3661.809587 1.000000 
0.353093 0.935588 0.000000 -0.935588 0.353093 0.000000 4411.590992 -3527.281126 1.000000 
0.350105 0.936711 0.000000 -0.936711 0.350105 0.000000 4448.498776 -3384.564099 1.000000 
0.340527 0.940235 0.000000 -0.940235 0.340527 0.000000 4495.502711 -3261.339535 1.000000 
0.342089 0.939668 0.000000 -0.939668 0.342089 0.000000 4546.030750 -3219.634485 1.000000 
0.503990 0.863709 0.000000 -0.863709 0.503990 0.000000 4533.902984 -3339.563076 1.000000 
0.557178 0.830393 0.000000 -0.830393 0.557178 0.000000 4575.608373 -3321.644730 1.000000 
0.553436 0.832892 0.000000 -0.832892 0.553436 0.000000 4634.226462 -3283.946268 1.000000 
0.550965 0.834529 0.000000 -0.834529 0.550965 0.000000 4699.561925 -3184.760997 1.000000 
0.551929 0.833891 0.000000 -0.833891 0.551929 0.000000 4764.317965 -3051.841205 1.000000 
0.609319 0.792925 0.000000 -0.792925 0.609319 0.000000 4800.259270 -2979.059333 1.000000 
0.605693 0.795698 0.000000 -0.795698 0.605693 0.000000 4804.495805 -2963.969940 1.000000 
0.611621 0.791151 0.000000 -0.791151 0.611621 0.000000 4736.600688 -3046.712978 1.000000 
0.663552 0.748130 0.000000 -0.748130 0.663552 0.000000 4745.986197 -3030.065873 1.000000 
0.666285 0.745697 0.000000 -0.745697 0.666285 0.000000 4856.657978 -3128.696213 1.000000 
0.772026 0.635590 0.000000 -0.635590 0.772026 0.000000 4845.933635 -3155.933671 1.000000 
0.774188 0.632955 0.000000 -0.632955 0.774188 0.000000 4900.031471 -3109.202613 1.000000 
0.778268 0.627932 0.000000 -0.627932 0.778268 0.000000 4954.567059 -3065.581942 1.000000 
0.781826 0.623497 0.000000 -0.623497 0.781826 0.000000 5064.513253 -2978.982068 1.000000 
0.781003 0.624527 0.000000 -0.624527 0.781003 0.000000 5276.042828 -2822.786890 1.000000 
0.634111 0.773242 0.000000 -0.773242 0.634111 0.000000 5335.862463 -2757.176271 1.000000 
0.555816 0.831305 0.000000 -0.831305 0.555816 0.000000 5350.603198 -2745.536513 1.000000 
0.487632 0.873049 0.000000 -0.873049 0.487632 0.000000 5360.812513 -3003.861095 1.000000 
0.424733 0.905318 0.000000 -0.905318 0.424733 0.000000 5350.969298 -3017.591937 1.000000 
0.363181 0.931718 0.000000 -0.931718 0.363181 0.000000 5351.110633 -3088.874567 1.000000 
0.294233 0.955734 0.000000 -0.955734 0.294233 0.000000 5147.385739 -2144.506297 1.000000 
0.218948 0.975737 0.000000 -0.975737 0.218948 0.000000 5055.410044 -2258.430968 1.000000 
0.226503 0.974010 0.000000 -0.974010 0.226503 0.000000 5230.176626 -2524.905390 1.000000 
0.229976 0.973196 0.000000 -0.973196 0.229976 0.000000 5155.649965 -2745.856398 1.000000 
0.234937 0.972010 0.000000 -0.972010 0.234937 0.000000 4927.091862 -2130.703020 1.000000 
0.153772 0.988106 0.000000 -0.988106 0.153772 0.000000 4912.954728 -2125.891321 1.000000 
0.014145 0.999900 0.000000 -0.999900 0.014145 0.000000 4702.966055 -1828.841949 1.000000 
-0.056326 0.998412 0.000000 -0.998412 -0.056326 0.000000 4690.621435 -1786.076676 1.000000 
-0.049639 0.998767 0.000000 -0.998767 -0.049639 0.000000 4674.589141 -1715.339360 1.000000 
-0.295191 0.955438 0.000000 -0.955438 -0.295191 0.000000 4660.239131 -1626.069392 1.000000 
-0.307589 0.951519 0.000000 -0.951519 -0.307589 0.000000 4627.043368 -1541.528383 1.000000 
-0.318490 0.947926 0.000000 -0.947926 -0.318490 0.000000 4594.995566 -1438.260875 1.000000 
-0.329728 0.944076 0.000000 -0.944076 -0.329728 0.000000 4542.114283 -1281.779501 1.000000 
-0.374287 0.927313 0.000000 -0.927313 -0.374287 0.000000 4531.943778 -1258.057054 1.000000 
-0.377404 0.926049 0.000000 -0.926049 -0.377404 0.000000 4520.844360 -1241.028970 1.000000 
-0.378373 0.925653 0.000000 -0.925653 -0.378373 0.000000 4467.343711 -1145.256924 1.000000 
-0.378649 0.925540 0.000000 -0.925540 -0.378649 0.000000 4418.042416 -1022.792090 1.000000 
-0.540642 0.841253 0.000000 -0.841253 -0.540642 0.000000 4409.273177 -987.357950 1.000000 
-0.743963 0.668220 0.000000 -0.668220 -0.743963 0.000000 4342.020239 -935.542892 1.000000 
-0.888286 0.459291 0.000000 -0.459291 -0.888286 0.000000 4293.352130 -901.030320 1.000000 
-0.943042 0.332674 0.000000 -0.332674 -0.943042 0.000000 4224.848331 -917.560838 1.000000 
-0.930621 0.365984 0.000000 -0.365984 -0.930621 0.000000 4207.615667 -913.392581 1.000000 
-0.935291 0.353879 0.000000 -0.353879 -0.935291 0.000000 4116.397725 -873.932814 1.000000 
-0.934351 0.356355 0.000000 -0.356355 -0.934351 0.000000 3955.457448 -822.407583 1.000000 
-0.927179 0.374619 0.000000 -0.374619 -0.927179 0.000000 3810.355832 -771.976229 1.000000 
-0.924621 0.380888 0.000000 -0.380888 -0.924621 0.000000 3690.763780 -729.201421 1.000000 
-0.926404 0.376532 0.000000 -0.376532 -0.926404 0.000000 3558.548506 -687.022269 1.000000 
-0.927171 0.374639 0.000000 -0.374639 -0.927171 0.000000 3428.264420 -644.543362 1.000000 
-0.928838 0.370485 0.000000 -0.370485 -0.928838 0.000000 3306.405554 -602.260093 1.000000 
-0.930453 0.366412 0.000000 -0.366412 -0.930453 0.000000 3192.952876 -557.110460 1.000000 
-0.933592 0.358337 0.000000 -0.358337 -0.933592 0.000000 3071.661319 -509.342913 1.000000 
-0.927765 0.373164 0.000000 -0.373164 -0.927765 0.000000 2926.514628 -439.735954 1.000000 
-0.972304 0.233719 0.000000 -0.233719 -0.972304 0.000000 2882.185542 -425.519894 1.000000 
-0.994512 0.104620 0.000000 -0.104620 -0.994512 0.000000 2861.006451 -417.371606 1.000000 
-0.999973 0.007397 0.000000 -0.007397 -0.999973 0.000000 2837.128273 -404.292805 1.000000 
-0.999897 0.014382 0.000000 -0.014382 -0.999897 0.000000 2754.856548 -404.968640 1.000000 
-0.996477 -0.083861 0.000000 0.083861 -0.996477 0.000000 2723.305050 -397.634454 1.000000 
-0.938948 -0.344060 0.000000 0.344060 -0.938948 0.000000 2628.937382 -449.498541 1.000000 
-0.818492 -0.574518 0.000000 0.574518 -0.818492 0.000000 2571.291756 -491.471431 1.000000 
-0.638894 -0.769295 0.000000 0.769295 -0.638894 0.000000 2533.726547 -526.402360 1.000000 
-0.482923 -0.875663 0.000000 0.875663 -0.482923 0.000000 2503.933333 -570.928111 1.000000 
-0.485816 -0.874061 0.000000 0.874061 -0.485816 0.000000 2457.646187 -647.767969 1.000000 
-0.497674 -0.867364 0.000000 0.867364 -0.497674 0.000000 2393.597415 -723.358594 1.000000 
-0.669393 -0.742909 0.000000 0.742909 -0.669393 0.000000 2400.214356 -680.433277 1.000000 
-0.553766 -0.832672 0.000000 0.832672 -0.553766 0.000000 2367.272614 -740.090984 1.000000 
-0.552464 -0.833537 0.000000 0.833537 -0.552464 0.000000 2321.241742 -785.121251 1.000000 
-0.541977 -0.840394 0.000000 0.840394 -0.541977 0.000000 2261.166824 -865.022658 1.000000 
-0.524422 -0.851458 0.000000 0.851458 -0.524422 0.000000 2173.415696 -1009.280781 1.000000 
-0.510092 -0.860120 0.000000 0.860120 -0.510092 0.000000 2087.027731 -1114.200843 1.000000 
-0.568531 -0.822662 0.000000 0.822662 -0.568531 0.000000 2079.834385 -1122.690016 1.000000 
-0.550426 -0.834884 0.000000 0.834884 -0.550426 0.000000 2028.600013 -1172.884651 1.000000 
-0.544523 -0.838746 0.000000 0.838746 -0.544523 0.000000 1963.475614 -1257.879325 1.000000 
-0.572552 -0.819868 0.000000 0.819868 -0.572552 0.000000 1887.797994 -1380.638115 1.000000 
-0.722325 -0.691553 0.000000 0.691553 -0.722325 0.000000 1975.844623 -953.432973 1.000000 
-0.711994 -0.702185 0.000000 0.702185 -0.711994 0.000000 1959.300202 -971.620043 1.000000 
-0.712918 -0.701248 0.000000 0.701248 -0.712918 0.000000 1912.418436 -1027.584106 1.000000 
-0.706696 -0.707517 0.000000 0.707517 -0.706696 0.000000 1811.872335 -1143.926193 1.000000 
-0.609934 -0.792452 0.000000 0.792452 -0.609934 0.000000 1775.916984 -1166.749576 1.000000 
-0.542440 -0.840094 0.000000 0.840094 -0.542440 0.000000 1757.810333 -1186.623759 1.000000 
-0.539768 -0.841814 0.000000 0.841814 -0.539768 0.000000 1713.682557 -1261.639692 1.000000 
-0.535443 -0.844572 0.000000 0.844572 -0.535443 0.000000 1657.865742 -1345.021006 1.000000 
-0.707578 -0.706636 0.000000 0.706636 -0.707578 0.000000 1690.226086 -1338.840445 1.000000 
-0.699630 -0.714506 0.000000 0.714506 -0.699630 0.000000 1666.013725 -1372.627232 1.000000 
-0.693486 -0.720470 0.000000 0.720470 -0.693486 0.000000 1604.045742 -1443.791712 1.000000 
-0.686169 -0.727442 0.000000 0.727442 -0.686169 0.000000 1520.209548 -1516.962075 1.000000 
-0.684625 -0.728895 0.000000 0.728895 -0.684625 0.000000 1428.085905 -1605.515482 1.000000 
-0.692700 -0.721226 0.000000 0.721226 -0.692700 0.000000 1347.506527 -1682.736908 1.000000 
-0.686606 -0.727030 0.000000 0.727030 -0.686606 0.000000 1258.817542 -1747.925275 1.000000 
-0.532729 -0.846286 0.000000 0.846286 -0.532729 0.000000 1175.924894 -1861.180694 1.000000 
-0.503829 -0.863804 0.000000 0.863804 -0.503829 0.000000 1159.871141 -1887.102586 1.000000 
-0.508084 -0.861308 0.000000 0.861308 -0.508084 0.000000 1125.011105 -1948.562930 1.000000 
-0.503822 -0.863808 0.000000 0.863808 -0.503822 0.000000 1074.786968 -2034.953158 1.000000 
-0.358848 -0.933396 0.000000 0.933396 -0.358848 0.000000 1048.046498 -2092.274143 1.000000 
-0.120051 -0.992768 0.000000 0.992768 -0.120051 0.000000 1039.143401 -2201.109604 1.000000 
0.151978 -0.988384 0.000000 0.988384 0.151978 0.000000 1047.294172 -2266.765550 1.000000 
0.445992 -0.895037 0.000000 0.895037 0.445992 0.000000 1042.522101 -2335.721282 1.000000 
0.537172 -0.843473 0.000000 0.843473 0.537172 0.000000 1101.208973 -2387.732408 1.000000 
0.525092 -0.851045 0.000000 0.851045 0.525092 0.000000 1146.928209 -2451.382433 1.000000 
0.526240 -0.850336 0.000000 0.850336 0.526240 0.000000 1212.646374 -2566.649966 1.000000 
0.649888 -0.760030 0.000000 0.760030 0.649888 0.000000 1225.569674 -2596.379057 1.000000 
0.639986 -0.768387 0.000000 0.768387 0.639986 0.000000 1286.597200 -2665.848713 1.000000 
0.646322 -0.763064 0.000000 0.763064 0.646322 0.000000 1347.029291 -2736.828520 1.000000 
0.655263 -0.755400 0.000000 0.755400 0.655263 0.000000 1436.502326 -2834.705237 1.000000 
0.662446 -0.749110 0.000000 0.749110 0.662446 0.000000 1506.578557 -2923.538772 1.000000 
0.661807 -0.749674 0.000000 0.749674 0.661807 0.000000 1595.525804 -3024.094563 1.000000 
0.661218 -0.750194 0.000000 0.750194 0.661218 0.000000 1657.755926 -3094.281766 1.000000 
0.657871 -0.753131 0.000000 0.753131 0.657871 0.000000 1733.295179 -3180.784958 1.000000 
0.659897 -0.751356 0.000000 0.751356 0.659897 0.000000 1807.189655 -3260.298460 1.000000 
0.666959 -0.745094 0.000000 0.745094 0.666959 0.000000 1883.349177 -3352.790716 1.000000 
0.526571 -0.850131 0.000000 0.850131 0.526571 0.000000 1880.567601 -3339.483094 1.000000 
0.535586 -0.844481 0.000000 0.844481 0.535586 0.000000 1920.303697 -3393.361564 1.000000 
0.543266 -0.839560 0.000000 0.839560 0.543266 0.000000 1975.018078 -3455.479719 1.000000 
0.545726 -0.837964 0.000000 0.837964 0.545726 0.000000 2028.069821 -3548.966350 1.000000 
0.368513 -0.929622 0.000000 0.929622 0.368513 0.000000 2047.411480 -3581.945377 1.000000 
0.199073 -0.979985 0.000000 0.979985 0.199073 0.000000 2048.461429 -3583.683546 1.000000 
0.208590 -0.978003 0.000000 0.978003 0.208590 0.000000 2066.976134 -3691.937095 1.000000 
-0.014867 -0.999889 0.000000 0.999889 -0.014867 0.000000 2082.834455 -3711.571507 1.000000 
-0.137267 -0.990534 0.000000 0.990534 -0.137267 0.000000 2080.171791 -3710.029109 1.000000 
-0.137887 -0.990448 0.000000 0.990448 -0.137887 0.000000 2071.876033 -3797.845325 1.000000 
-0.129698 -0.991554 0.000000 0.991554 -0.129698 0.000000 2056.671942 -3904.979704 1.000000 
-0.114846 -0.993383 0.000000 0.993383 -0.114846 0.000000 2040.652629 -4022.526903 1.000000 
0.037309 -0.999304 0.000000 0.999304 0.037309 0.000000 2045.656496 -4092.318032 1.000000 
0.062548 -0.998042 0.000000 0.998042 0.062548 0.000000 2053.819219 -4122.016321 1.000000 
0.064429 -0.997922 0.000000 0.997922 0.064429 0.000000 2051.408938 -4206.871868 1.000000 
0.239782 -0.970827 0.000000 0.970827 0.239782 0.000000 2090.372593 -4303.786904 1.000000 
0.242885 -0.970055 0.000000 0.970055 0.242885 0.000000 2103.249252 -4329.820418 1.000000 
0.252142 -0.967690 0.000000 0.967690 0.252142 0.000000 2124.286309 -4429.995625 1.000000 
0.451895 -0.892071 0.000000 0.892071 0.451895 0.000000 2123.085741 -4465.067529 1.000000 
0.599815 -0.800139 0.000000 0.800139 0.599815 0.000000 2140.148631 -4499.262632 1.000000 
0.590348 -0.807148 0.000000 0.807148 0.590348 0.000000 2166.537130 -4517.654036 1.000000 
0.592038 -0.805910 0.000000 0.805910 0.592038 0.000000 2216.798808 -4588.262756 1.000000 
0.601787 -0.798656 0.000000 0.798656 0.601787 0.000000 2280.902899 -4681.314740 1.000000 
0.607265 -0.794499 0.000000 0.794499 0.607265 0.000000 2355.863057 -4778.760597 1.000000 
0.607909 -0.794007 0.000000 0.794007 0.607909 0.000000 2450.981461 -4878.714440 1.000000 
0.607482 -0.794333 0.000000 0.794333 0.607482 0.000000 2587.783266 -5031.388349 1.000000 
0.604210 -0.796825 0.000000 0.796825 0.604210 0.000000 2569.492895 -5001.889417 1.000000 
0.597366 -0.801969 0.000000 0.801969 0.597366 0.000000 2484.445444 -4888.505970 1.000000 
0.585606 -0.810596 0.000000 0.810596 0.585606 0.000000 2420.247115 -4796.474714 1.000000 
0.567303 -0.823509 0.000000 0.823509 0.567303 0.000000 2330.198307 -4666.773910 1.000000 
0.555450 -0.831550 0.000000 0.831550 0.555450 0.000000 2275.566240 -4580.366065 1.000000 
0.545167 -0.838327 0.000000 0.838327 0.545167 0.000000 2201.444884 -4461.326336 1.000000 
0.533945 -0.845519 0.000000 0.845519 0.533945 0.000000 2148.841331 -4373.745462 1.000000 
0.527796 -0.849371 0.000000 0.849371 0.527796 0.000000 2091.742610 -4282.964873 1.000000 
0.529179 -0.848510 0.000000 0.848510 0.529179 0.000000 2028.221051 -4174.400924 1.000000 
